    Unnamed: 1 Unnamed: 2 Unnamed: 3  ... Unnamed: 11 Unnamed: 12 Unnamed: 13
1        14.23       1.71       2.43  ...        1.04        3.92        1065
2         13.2       1.78       2.14  ...        1.05         3.4        1050
3        13.16       2.36       2.67  ...        1.03        3.17        1185
4        14.37       1.95        2.5  ...        0.86        3.45        1480
5        13.24       2.59       2.87  ...        1.04        2.93         735
6         14.2       1.76       2.45  ...        1.05        2.85        1450
7        14.39       1.87       2.45  ...        1.02        3.58        1290
8        14.06       2.15       2.61  ...        1.06        3.58        1295
9        14.83       1.64       2.17  ...        1.08        2.85        1045
10       13.86       1.35       2.27  ...        1.01        3.55        1045
11        14.1       2.16        2.3  ...        1.25        3.17        1510
12       14.12       1.48       2.32  ...        1.17        2.82        1280
13       13.75       1.73       2.41  ...        1.15         2.9        1320
14       14.75       1.73       2.39  ...        1.25        2.73        1150
15       14.38       1.87       2.38  ...         1.2           3        1547
16       13.63       1.81        2.7  ...        1.28        2.88        1310
17        14.3       1.92       2.72  ...        1.07        2.65        1280
18       13.83       1.57       2.62  ...        1.13        2.57        1130
19       14.19       1.59       2.48  ...        1.23        2.82        1680
20       13.64        3.1       2.56  ...        0.96        3.36         845
21       14.06       1.63       2.28  ...        1.09        3.71         780
22       12.93        3.8       2.65  ...        1.03        3.52         770
23       13.71       1.86       2.36  ...        1.11           4        1035
24       12.85        1.6       2.52  ...        1.09        3.63        1015
25        13.5       1.81       2.61  ...        1.12        3.82         845
26       13.05       2.05       3.22  ...        1.13         3.2         830
27       13.39       1.77       2.62  ...        0.92        3.22        1195
28        13.3       1.72       2.14  ...        1.02        2.77        1285
29       13.87        1.9        2.8  ...        1.25         3.4         915
30       14.02       1.68       2.21  ...        1.04        3.59        1035
..         ...        ...        ...  ...         ...         ...         ...
149      13.32       3.24       2.38  ...        0.55        1.62         650
150      13.08        3.9       2.36  ...        0.57        1.33         550
151       13.5       3.12       2.62  ...        0.59         1.3         500
152      12.79       2.67       2.48  ...        0.48        1.47         480
153      13.11        1.9       2.75  ...        0.61        1.33         425
154      13.23        3.3       2.28  ...        0.56        1.51         675
155      12.58       1.29        2.1  ...        0.58        1.55         640
156      13.17       5.19       2.32  ...         0.6        1.48         725
157      13.84       4.12       2.38  ...        0.57        1.64         480
158      12.45       3.03       2.64  ...        0.67        1.73         880
159      14.34       1.68        2.7  ...        0.57        1.96         660
160      13.48       1.67       2.64  ...        0.57        1.78         620
161      12.36       3.83       2.38  ...        0.56        1.58         520
162      13.69       3.26       2.54  ...        0.96        1.82         680
163      12.85       3.27       2.58  ...        0.87        2.11         570
164      12.96       3.45       2.35  ...        0.68        1.75         675
165      13.78       2.76        2.3  ...         0.7        1.68         615
166      13.73       4.36       2.26  ...        0.78        1.75         520
167      13.45        3.7        2.6  ...        0.85        1.56         695
168      12.82       3.37        2.3  ...        0.72        1.75         685
169      13.58       2.58       2.69  ...        0.74         1.8         750
170       13.4        4.6       2.86  ...        0.67        1.92         630
171       12.2       3.03       2.32  ...        0.66        1.83         510
172      12.77       2.39       2.28  ...        0.57        1.63         470
173      14.16       2.51       2.48  ...        0.62        1.71         660
174      13.71       5.65       2.45  ...        0.64        1.74         740
175       13.4       3.91       2.48  ...         0.7        1.56         750
176      13.27       4.28       2.26  ...        0.59        1.56         835
177      13.17       2.59       2.37  ...         0.6        1.62         840
178      14.13        4.1       2.74  ...        0.61         1.6         560

[178 rows x 13 columns]
    Unnamed: 1 Unnamed: 2 Unnamed: 3  ... Unnamed: 11 Unnamed: 12 Unnamed: 13
1        14.23       1.71       2.43  ...        1.04        3.92        1065
2         13.2       1.78       2.14  ...        1.05         3.4        1050
3        13.16       2.36       2.67  ...        1.03        3.17        1185
4        14.37       1.95        2.5  ...        0.86        3.45        1480
5        13.24       2.59       2.87  ...        1.04        2.93         735
6         14.2       1.76       2.45  ...        1.05        2.85        1450
7        14.39       1.87       2.45  ...        1.02        3.58        1290
8        14.06       2.15       2.61  ...        1.06        3.58        1295
9        14.83       1.64       2.17  ...        1.08        2.85        1045
10       13.86       1.35       2.27  ...        1.01        3.55        1045
11        14.1       2.16        2.3  ...        1.25        3.17        1510
12       14.12       1.48       2.32  ...        1.17        2.82        1280
13       13.75       1.73       2.41  ...        1.15         2.9        1320
14       14.75       1.73       2.39  ...        1.25        2.73        1150
15       14.38       1.87       2.38  ...         1.2           3        1547
16       13.63       1.81        2.7  ...        1.28        2.88        1310
17        14.3       1.92       2.72  ...        1.07        2.65        1280
18       13.83       1.57       2.62  ...        1.13        2.57        1130
19       14.19       1.59       2.48  ...        1.23        2.82        1680
20       13.64        3.1       2.56  ...        0.96        3.36         845
21       14.06       1.63       2.28  ...        1.09        3.71         780
22       12.93        3.8       2.65  ...        1.03        3.52         770
23       13.71       1.86       2.36  ...        1.11           4        1035
24       12.85        1.6       2.52  ...        1.09        3.63        1015
25        13.5       1.81       2.61  ...        1.12        3.82         845
26       13.05       2.05       3.22  ...        1.13         3.2         830
27       13.39       1.77       2.62  ...        0.92        3.22        1195
28        13.3       1.72       2.14  ...        1.02        2.77        1285
29       13.87        1.9        2.8  ...        1.25         3.4         915
30       14.02       1.68       2.21  ...        1.04        3.59        1035
..         ...        ...        ...  ...         ...         ...         ...
149      13.32       3.24       2.38  ...        0.55        1.62         650
150      13.08        3.9       2.36  ...        0.57        1.33         550
151       13.5       3.12       2.62  ...        0.59         1.3         500
152      12.79       2.67       2.48  ...        0.48        1.47         480
153      13.11        1.9       2.75  ...        0.61        1.33         425
154      13.23        3.3       2.28  ...        0.56        1.51         675
155      12.58       1.29        2.1  ...        0.58        1.55         640
156      13.17       5.19       2.32  ...         0.6        1.48         725
157      13.84       4.12       2.38  ...        0.57        1.64         480
158      12.45       3.03       2.64  ...        0.67        1.73         880
159      14.34       1.68        2.7  ...        0.57        1.96         660
160      13.48       1.67       2.64  ...        0.57        1.78         620
161      12.36       3.83       2.38  ...        0.56        1.58         520
162      13.69       3.26       2.54  ...        0.96        1.82         680
163      12.85       3.27       2.58  ...        0.87        2.11         570
164      12.96       3.45       2.35  ...        0.68        1.75         675
165      13.78       2.76        2.3  ...         0.7        1.68         615
166      13.73       4.36       2.26  ...        0.78        1.75         520
167      13.45        3.7        2.6  ...        0.85        1.56         695
168      12.82       3.37        2.3  ...        0.72        1.75         685
169      13.58       2.58       2.69  ...        0.74         1.8         750
170       13.4        4.6       2.86  ...        0.67        1.92         630
171       12.2       3.03       2.32  ...        0.66        1.83         510
172      12.77       2.39       2.28  ...        0.57        1.63         470
173      14.16       2.51       2.48  ...        0.62        1.71         660
174      13.71       5.65       2.45  ...        0.64        1.74         740
175       13.4       3.91       2.48  ...         0.7        1.56         750
176      13.27       4.28       2.26  ...        0.59        1.56         835
177      13.17       2.59       2.37  ...         0.6        1.62         840
178      14.13        4.1       2.74  ...        0.61         1.6         560

[178 rows x 13 columns]
